Energy(nograd): -17.092064364412256
Energy(grad): -17.09206436441949
Grads: [-0.35233304257687936, 0.062363307679554225, -0.07148698807566889, 0.8397797863314729, 0.8375470964330565, 0.5736959768712628, -0.5888635689463729, -0.27102553220472325, 0.07791399950485689, 0.12712705056736848, -1.0540756832597378, 0.03875708162260105, 0.0029261301276076734, 0.3890317456089303, -0.5281089054674992, -0.948080891624592, -4.084084520100243, -4.454750892732542, 0.8438670376533897, -0.8210248697916072, 4.364522663221585, 0.30355343598512863, 5.164385010605049, -0.4606685942636126, 0.4518333428769541, 0.5042292201704281, 5.614776318206127, 2.101375310910381, -2.454765172398435, -3.0991557251703163, -2.7398314707374576, 1.4636845556420897, -2.360031330398604, -2.6982877961839113, 4.124835817683513, -3.736710127676447, -1.6082125136439878, -2.2956943396785237, 3.97556375620972, 4.265147189260859, -1.565406636389302, 0.0656827681485268]
