Energy(nograd): 14.691582674129176
Energy(grad): 14.6915826741219
Grads: [45.57119392292575, 20.151290932911486, 7.905776251285006, -49.94860853210532, -22.75246673076038, -16.005451281736775, 28.058656537035912, -44.84500672328305, -52.96113690994196, -33.041296144075886, 4.488412165084046, 15.920618318944461, 77.05174558663153, -26.34978053957852, 9.837074266845619, 9.691233238431805, -16.417275809892153, -64.77489098571348, -77.38292460884375, 85.72482670551858, 100.07801034031714]
