Energy(nograd): 84.69078816667492
Energy(grad): 84.69078816667492
Grads: [0.4535577634435015, -2.1033689594502105, -1.8637397101509277, 209.73343867032634, -137.90829217790855, 142.12431617281024, -210.18699643376985, 140.01166113735874, -140.26057646265932]
