Energy(nograd): 26.067445252282496
Energy(grad): 26.067445252292693
Grads: [63.399829505486466, -56.44935735377591, 12.444058685749594, -104.84031037253799, -78.94191874357699, 41.48208747800572, 3.469450184765562, 102.22381319968476, -105.14309677550823, 73.40248246752915, -3.6714370387074466, -33.31487238190876, 8.242080995989598, 99.83434405913309, 8.993324514314324, -3.7573311730895727, -6.334156203429993, 42.20991893140178, -40.28664513123398, -57.16955765699905, 33.7092319809844, 9.3412271602545, 1.7751418334078508, -15.601629014732147, -2.0172844543331783, -0.6661687262278972, -0.34356709268508767, -1.4979052080253794, -6.779844671564182, 3.081656237338798, -5.335621566103111, 6.833240371060128, 10.22059606423745, 0.5433735594067031, -3.0282863258318047, -0.22414485321756095, -0.6633459681088194, 2.374187256827398, 2.486436226019741]
