Energy(nograd): 83.9291898773276
Energy(grad): 83.9291898773276
Grads: [0.7011870647305203, -2.8160788676351673, -2.3572964507700607, 212.0347772793606, -139.01128501354694, 144.17719825294608, -212.73596434409112, 141.82736388118212, -141.81990180217605]
