Energy(nograd): -0.31183986533866914
Energy(grad): -0.31183986534001207
Grads: [8.2667983623392, -2.179742816522662, -29.864575892333953, 1.6667817863862098, 1.5412199306218195, 31.42831919798455, -15.500025234928266, 4.581058532414213, 6.711165156667964, 20.200432767987834, 3.302868135910209, -2.2643323933090684, 2.495391591829879, -5.379019160628605, -4.445216338993004, -27.131066747290774, -1.1547229203624423, 7.275109228651107, 10.001687473675887, -0.7116617014325541, -8.840468958667643]
