Energy(nograd): -2.523926936870547
Energy(grad): -2.52392693687184
Grads: [3.898621088470165, -7.35374432574212, -35.36712579440162, 0.3467995819483978, 1.5922963852433831, 29.1622456884595, -14.524231154867245, 3.9609314589680347, 5.291237200653003, 23.0440160877452, 4.400002780947423, -1.9368757778228165, 0.4929308757812958, -5.78416376969502, -4.506984159857881, -26.6816140983222, -1.6804907415641286, 6.93627565638624, 13.423477619244371, 4.86516821184242, 0.42122718658359304]
