Energy(nograd): 92.0264043335212
Energy(grad): 92.0264043335212
Grads: [-53.07035456021008, -53.72136619763652, -53.07035456021008, 51.891877827823144, 51.73353612601824, 51.891877827823144, 1.0000840364093777, 101.18641973154739, 1.0000840364093777, 1.349392117720372, -97.7381419529336, 1.349392117720372, -0.7160199830298685, -101.20313795581727, -0.7160199830298685, -0.45497943871294694, 99.74269024882176, -0.45497943871294694]
