Energy(nograd): -1.3238383448791677
Energy(grad): -1.3238383448816262
Grads: [0.04541569510278021, -0.007944435424923457, 0.00364035826405143, 0.1555576490356109, 0.8077632625700293, -0.5776678352494599, -0.31662814689238683, -0.8162978531997702, -0.5560051907896958, -0.7230038762505564, 0.27944195410517375, 0.7090800285659263, 0.8670038160260933, -0.25512540326149746, 0.4400175985432896, -0.08791545572945549, -0.13859528021335873, 0.07583776650332277, 0.42601822812626466, 0.1753798466019468, -0.9557009814343603, -0.2743173232434163, 0.9336090142068364, 0.4163855841884041, 0.7246531109515654, -0.47549659299477265, 0.49379517085405034, -0.8145372689099842, -0.5267818497508067, -0.029682765071043296, -0.0878878733072469, 0.0455997070315949, -0.03812442967994348, 0.198992240408555, 0.20647455598663708, 1.0350400001112234, -0.8097326444076194, -0.5764273622705475, -0.06033952192546077, 0.8293926553201518, -0.5157392543134753, -0.46934067012328895, -0.13301080623035727, 0.8641396909269322, -0.4869351127570028]
