Energy(nograd): 3.1885924030258073
Energy(grad): 3.188592403024514
Grads: [8.912554571985599, -0.5214322195825929, -24.99010079593487, 0.03012851060520738, 3.3591836599271634, 31.57965793519906, -14.339203563803999, 4.083535572900489, 5.670314768372294, 21.687748334521217, 5.1870198998000125, -0.6576974051592428, 0.6705424291389113, -5.769833428063004, -4.516126192988119, -28.74507338074841, -1.029555647833515, 8.298799049460698, 11.783303098301474, -5.3089178371485595, -15.384847358949783]
