Energy(nograd): -4.224378273138987
Energy(grad): -4.224378273140035
Grads: [5.09367861136516, -6.4289061515069506, -39.74571144368444, -1.356777382643493, 0.4987533764762695, 29.473240558618244, -15.135286017495718, 2.281565876643929, 6.573395745112557, 20.029920195042145, 6.420368220992696, -0.1421841310404135, 3.4978197265892996, -6.19115830115216, -5.263054462569702, -26.019028589370347, -3.5636999855627924, 5.563584266453909, 13.88967345651297, 6.9830769641089825, 3.5407294671099]
