Energy(nograd): 3.22010846793275
Energy(grad): 3.220108467931457
Grads: [18.745238113063156, 15.535166583553497, -3.450499571798287, 3.5512117366367875, -9.131057685261197, 17.086465176040896, -19.562989697359278, 2.480028760217559, -1.603448893380709, 7.304611721907656, 4.379862126633911, 4.161911130419985, 6.161953388373162, -5.708743454230077, -5.15481135823208, -14.072808353729403, -0.09575834242162218, 0.41437754717836084, -2.1272169088920716, -7.459497988492069, -11.453994030228163]
