Energy(nograd): 34.71080506721647
Energy(grad): 34.71080506721647
Grads: [46.53970585738389, -28.566891397585454, 90.74240829215499, -46.53970585738389, 28.566891397585454, -90.74240829215499]
