Energy(nograd): 1.8477767757401908
Energy(grad): 1.8477767757381658
Grads: [9.71274181212334, 2.8972343638920037, -25.80906023943126, 1.3595773145148442, 2.1954668594487288, 31.73818951791184, -14.260776542015943, 2.9223832841826765, 8.584631004120553, 19.798417155584556, 2.948978163689879, -2.224520579699993, 2.5928404221392016, -5.009378168007274, -4.150222231888996, -27.609982640128088, -0.7993245759114105, 7.689657574355113, 8.407182477782083, -5.155359927294608, -15.828675045367218]
