Energy(nograd): -0.4167897929330082
Energy(grad): -0.4167897929343014
Grads: [14.394850295985108, 9.964324698909344, -12.020793646003355, 3.955751815815761, -10.360557171248328, 15.389977474147596, -19.64581450684456, 2.3223630551299292, -1.845426800429724, 8.376147358776723, 3.796494747581877, 3.215217904796475, 5.928695917176481, -5.745648102740765, -5.167332784324232, -12.895835844930893, -0.37021269980495, -0.22475358265082557, -0.11379503597861951, 0.3932354721728947, 0.653111434464071]
