Energy(nograd): 25.95822801627179
Energy(grad): 25.958228016281982
Grads: [63.00281248383375, -57.39367021633882, 12.23479783020866, -103.6574773233238, -78.1843900926796, 41.40336520902015, 3.3156630980392383, 102.9870574970735, -105.12760956003866, 72.6390682216482, -3.6224455154530113, -32.77574829831288, 8.32239502027889, 99.34950161843291, 8.931075156874737, -3.5078181355791624, -6.525266900437245, 42.356873527949006, -40.46830974827403, -57.291269455917444, 33.68325811655781, 8.869096349965297, 1.8975512014958484, -15.74369823251089, -1.6971107671286054, -0.5858024510686868, -0.5772768032113414, -1.4963806635217383, -6.786372490054923, 3.270581243937471, -5.21116380117695, 6.7091659280922284, 10.05395723289656, 0.5545095767692714, -3.0903733113789373, -0.15732045494718294, -0.6652843115304063, 2.5363141882341758, 2.44774503157658]
