Energy(nograd): -3.0434803764714324
Energy(grad): -3.0434803764727256
Grads: [2.889509730138057, -8.778283067890051, -37.52925996575884, 0.38096942120971633, 1.4342751778599894, 28.951401425259107, -14.515894607112939, 3.965859151280397, 5.316771234505938, 23.19345702301628, 4.306022162938175, -2.0875847770386993, 0.4638007595112965, -5.779708773762116, -4.4969482702007735, -26.505726392522092, -1.7289247691889194, 6.832932319998006, 14.093884065759687, 6.580760118762511, 3.0126880332352894]
