Energy(nograd): -16.064837451790986
Energy(grad): -16.064837451795817
Grads: [4.354376528920937, -3.076332932975899, 2.235666204347322, -0.2487854288598319, 1.4982188171547348, 0.12330534150219077, -1.3643400919273834, -0.09531566749512377, 0.3238812345541282, -1.2157134404852303, 0.8253630650685986, -0.48311770576618424, -0.1130749724920449, 0.6430167262551322, -1.2347423619728217, -1.5862389391801877, -4.167319886290029, -5.436233912500509, 1.0484200303183893, -0.7883341732404769, 4.75551342638236, 0.41762076931933834, 5.41380963315742, -0.27991219323788563, -0.10548972396620648, 0.43256406216230836, 5.548869741778526, 2.368044474263497, -2.687222265837608, -3.341090113475717, -2.809092627507373, 1.633117174709775, -2.322801151262908, -3.6953889377327647, 4.624177863376486, -4.455742690164929, -1.6653028695187189, -2.5542808720368573, 4.313537427695586, 4.614965228847536, -1.7014615440084124, 0.252866752120835]
