Energy(nograd): 7.89410185605753
Energy(grad): 7.894101856056237
Grads: [12.256839215812317, 3.9479777956127755, -18.187192582915706, -0.1876568834693053, 4.523951379386627, 33.21755608154311, -14.23117824999343, 4.203737299537959, 5.958191229058904, 20.38079040864722, 5.882315590911783, 0.46355959655645496, 0.8208367348759706, -5.74552940669231, -4.5048612385610145, -30.032553613394754, -0.5933755668383993, 9.185362697574174, 10.992922387521961, -12.219077091918416, -26.132615783255893]
