Energy(nograd): 6.473322387224811
Energy(grad): 6.473322387218118
Grads: [18.017968422109313, 16.211778788034184, -0.7452339125161105, 8.072305593125815, -12.750370534595762, 12.722521473431737, -20.58553499160955, 3.493836580593526, -2.6438016503714774, 5.983851195725851, 3.5704610238429044, 2.0037335626554578, 5.685199899320496, -5.547732941324737, -4.868207191895696, -11.969959363598528, 1.2802262211799054, 5.253168851862547, -2.629061058077905, 4.979945077459748, -2.459823348872068, 6.859684960915747, -12.137351196847769, -9.096526224829603, -9.43445465791125, 0.8992069816579984, -0.16583155946473283]
