Energy(nograd): 0.5897129805949843
Energy(grad): 0.5897129805936911
Grads: [6.683359436385503, -3.5604863000276907, -29.601842576980992, 0.16385897445227293, 2.7370974598404736, 30.719328084356697, -14.395218612603173, 4.036457418871407, 5.540975786668465, 22.38212913521125, 4.79903303688126, -1.2835933974934388, 0.5912375736182272, -5.778870537506697, -4.51636760938883, -28.036795452780236, -1.2601160180519058, 7.82989254169032, 12.611428945716156, -0.9731150600068386, -8.688392828852194]
