Energy(nograd): -3.1621561982038164
Energy(grad): -3.1621561982065254
Grads: [7.345109619001985, -4.180347015383894, -37.451558521459745, -2.0184494506073163, 0.9992105656716816, 30.125174141895705, -15.410806145703024, 2.0705467605398127, 7.347424999821584, 22.485411364569952, 2.5637985809759316, -2.8309909913174813, 1.0946017294428394, -5.3953585101684975, -4.485816569263321, -25.851328487188823, -0.5604362983063833, 7.513247531503856, 12.355461370484377, 4.502585916671331, -0.21748059118058016]
