Energy(nograd): 94.10577593769696
Energy(grad): 94.10577593769696
Grads: [-57.500861108951405, -57.91399222208916, -57.500861108951405, 52.989493429313384, 53.10470733084927, 52.989493429313384, 6.253037694187861, 106.62022809256446, 6.253037694187861, 0.4098267582430709, -99.54678146688985, 0.4098267582430709, -2.017582555737416, -102.38477295411401, -2.017582555737416, -0.13391421705549594, 100.1206112196793, -0.13391421705549594]
