Energy(nograd): 16.54584335535436
Energy(grad): 16.545843355353163
Grads: [13.846193072053312, 8.794666638054483, -11.52724260892711, 4.866013905737251, -9.834670373981915, 16.288502135620966, -20.035111138315845, 3.4277283218354957, -1.9839610218516792, 8.581793512459317, 3.178670793767328, 2.841966925552454, 6.416288626601563, -5.878691760590204, -5.249976485625605, -13.966410315045891, 0.4511759381731695, 0.11300478948240977, 1.5810366167550127, 0.14867869453068266, -100.18386459797894, -1.2898042802447176, -0.287558251789041, 99.70157086372751]
