Energy(nograd): 2.624456096154627
Energy(grad): 2.62445609615322
Grads: [18.885257455594154, 15.798757284003749, -2.3177025174368615, 4.525653403339067, -9.680258263028463, 17.169492650967737, -19.820138128802622, 3.4284615026713183, -1.2089363345215152, 7.420847706561458, 3.5841775628902397, 3.3553033997092836, 6.004542648927055, -5.406543820806758, -4.715545804680665, -13.150876853800362, 0.03387523172968532, -0.035274579207095424, -3.86528623181871, -7.758469497459766, -12.247336814830781]
