Energy(nograd): 5.4850516702146965
Energy(grad): 5.485051670215766
Grads: [11.983928620519926, 6.393511891038585, -18.678679812274353, 2.5556447406565113, 2.2319703318677853, 33.89150499994585, -14.883189643916573, 4.896371631015874, 8.887494170562235, 20.702730166088703, 1.3237338383298414, -3.5369732541013077, 1.0958454852883825, -4.653786819506427, -3.570773102529594, -28.026863988552016, 1.7659943830368308, 10.109107215269168, 6.571904619915082, -11.95779525578237, -27.10168021687184]
