Energy(nograd): -0.8695846721455056
Energy(grad): -0.8695846721499394
Grads: [0.04341253371316811, 0.509590972749139, 0.7598358175670991, 0.11350197692389105, 0.5639983086311817, -0.5328061099209217, -0.028086340022358686, -0.8311302163382265, -0.6356767004100878, -0.39840114113783703, 0.19670966449110927, 0.42638891810365237, 0.5965069540905599, -0.3503331984352572, 0.1433838018626939, -0.029148937037252645, -0.6338123308817898, -0.1620487440219577, 0.3328281522220745, -0.04069355285079804, -0.7014029238509429, -0.3959178110981649, 0.7923632536678707, 0.5790707386312279, 0.5597121461293216, -0.24319376477347138, 0.33320905832439013, -0.6550193822048029, -0.2158156652236022, 0.019321992021282, 0.05405899933457947, 0.19643916071439033, -0.4451139500918354, -0.03427598016101158, 0.3109750204105238, 0.8976954696889473, -0.64906358398099, -0.4682438873099968, 0.022703442301064164, 0.5543376410432579, -0.36331320446812704, -0.4671066685258203, -0.06444522781443532, 0.5764594396170527, -0.23745414167877787]
