Energy(nograd): 16.971975996859985
Energy(grad): 16.971975996858692
Grads: [15.049613317308351, 10.85578518527683, -10.64582728279279, 3.9237378082680223, -10.246274438196583, 15.542830685287722, -19.645110375139588, 2.333375752567332, -1.8380647151794265, 8.173686029223834, 3.915242182865443, 3.4008408864581794, 5.954400550283392, -5.744907422383491, -5.170566792682787, -13.009461855897335, -0.3435884352113918, -0.17632096371472095, -0.4088914911270207, -0.7671898817957028, -101.47779497930858, -0.037973982919652545, -0.002442943122435163, 100.36490316193242]
