Energy(nograd): -0.25253463000224924
Energy(grad): -0.25253463000224924
Grads: [-0.009489866048588284, 0.030682394085396105, 0.022966870948674698, -0.37383879745681625, 0.2279532145171716, -0.2748110996507945, 0.3833286635054045, -0.25863560860256773, 0.2518442287021198]
