Energy(nograd): -0.66314510497509
Energy(grad): -0.663145104976433
Grads: [7.302054788329391, -1.7047797033493701, -30.927749918252267, 1.0430920263159909, 0.8305416098624079, 30.95305939371042, -15.146465181001997, 3.9432130756204335, 7.397486854574697, 21.573163708702477, 2.3763553077302784, -3.051653480955144, 1.2135013425344727, -5.157091215829042, -4.223050835239491, -26.12343277095696, -0.011306419834420822, 8.120299389851612, 10.138086086076594, -0.27693265420030855, -8.268391403689868]
