Energy(nograd): 0.02351038709457498
Energy(grad): 0.02351038712765785
Grads: [-0.23085241298654324, -0.8829907530761538, -0.9322537867279372, -0.39537049963914583, -1.0055528405286562, -1.202409267603091, 0.4215914048649516, 0.6227613990472145, 0.6317663172413785, 0.18801032626889835, 0.45150789588426576, 0.8517025176650268, 0.016621181491840886, 0.8142742986733325, 0.6511942194246227]
