Energy(nograd): 5.839348798551848
Energy(grad): 5.839348798552917
Grads: [13.160107546479605, 6.742370150845286, -16.665288711195338, 4.95960821542937, 0.0824192707036211, 33.25222799436756, -15.218892644958004, 6.1980310699241015, 7.651010535936222, 23.94467426729749, -1.1376753477532056, -6.638504128047778, -4.110843510538822, -4.448893236129617, -2.829497202403353, -29.485079652351367, 4.594614771654768, 12.560227909791141, 6.750425778641746, -12.030866679244836, -27.330176398448295]
