Energy(nograd): 26.937942203856757
Energy(grad): 26.93794220386699
Grads: [64.9436715064418, -55.67100055846139, 11.745621240219606, -105.44035926120779, -78.09888191698563, 42.222002102368805, 4.539293534159522, 102.62178935855312, -102.89867494413426, 72.25676900131351, -2.8446441132159976, -33.57486736667437, 8.770954991117797, 96.92720057718643, 7.0685445179616275, -4.578532151070908, -6.467548437334472, 41.437149173082666, -40.25072630362502, -56.821205616863324, 33.14750467976743, 7.172770680574345, 2.240745030392936, -15.571914869283049, -0.8442381265265055, -1.3152974735512455, 1.020455437330793, -1.2610689094989835, -6.7309949532594295, 3.0962145213205794, -5.216121852764784, 6.3744509646556935, 10.155443191700565, 0.6760306092023098, -3.111436549279097, -0.19791165401881683, -0.768443718115333, 2.8968236881624043, 2.350433970358438]
