Energy(nograd): -3.125651536016373
Energy(grad): -3.125651536019082
Grads: [5.627228539499573, -4.922115180456807, -37.20407526781081, -0.5985490767839252, 0.6548186762110397, 29.949853658803633, -14.988518856518123, 2.692236838388055, 7.061717265542921, 21.646037141314785, 3.487421480815678, -2.1827672284111914, 1.135516720591772, -5.441924322622933, -4.606349267494089, -25.352386023944305, -1.113286451520115, 7.160263396702692, 12.530671555840213, 4.642848959185063, -0.17864255733314582]
