Energy(nograd): -4.278000052507472
Energy(grad): -4.27800005250852
Grads: [4.393610994382334, -5.879697835713575, -40.272174628530856, 0.02184639591553683, 0.2859422811486496, 30.047339224197305, -15.660634551253922, 2.084799955620414, 6.487830420640072, 20.255711094552183, 6.357634350094488, -0.07989235804548667, 2.867718615502988, -6.050284927180417, -5.041385036912931, -25.751131746367136, -3.7375329020546735, 5.093027395143807, 13.872879197268034, 6.939139078085088, 3.765254983508143]
