Energy(nograd): 1.4641863382145077
Energy(grad): 1.4641863382124827
Grads: [9.067828782714617, 1.3072509996641521, -26.257324509365425, 1.6849714815638404, 1.1898349394363539, 31.898647213153055, -15.10430762731147, 4.392288622873131, 7.921703906312447, 21.480668844120814, 1.8405784905494589, -3.409368393529073, 1.095439153316014, -4.948036800972405, -3.989731996497051, -26.792888402012586, 0.6585428467107626, 8.888761575114602, 8.568287767608773, -4.4404590982614565, -15.052687795188513]
